 viout#branch    i(Viout)       
-2.17355023e-11 -2.17355023e-11 
-2.93552915e-09 -2.93552915e-09 
-5.82619464e-09 -5.82619464e-09 
-8.80134365e-09 -8.80134365e-09 
-9.94784699e-09 -9.94784699e-09 
-1.29282967e-08 -1.29282967e-08 
-1.58209232e-08 -1.58209232e-08 
-1.87967757e-08 -1.87967757e-08 
-2.65719109e-08 -2.65719109e-08 
-2.95747427e-08 -2.95747427e-08 
-3.24864473e-08 -3.24864473e-08 
-3.54763401e-08 -3.54763401e-08 
-3.66287267e-08 -3.66287267e-08 
-3.95952142e-08 -3.95952142e-08 
-4.24801812e-08 -4.24801812e-08 
-4.54321025e-08 -4.54321025e-08 
-4.19336530e-08 -4.19336530e-08 
-4.49272193e-08 -4.49272193e-08 
-4.78447930e-08 -4.78447930e-08 
-5.08432123e-08 -5.08432123e-08 
-5.19978727e-08 -5.19978727e-08 
-5.49916379e-08 -5.49916379e-08 
-5.78932813e-08 -5.78932813e-08 
-6.08464603e-08 -6.08464603e-08 
-6.85803485e-08 -6.85803485e-08 
-7.15626101e-08 -7.15626101e-08 
-7.44579367e-08 -7.44579367e-08 
-7.74282398e-08 -7.74282398e-08 
-7.85780827e-08 -7.85780827e-08 
-8.15450676e-08 -8.15450676e-08 
-8.44167616e-08 -8.44167616e-08 
-8.73440484e-08 -8.73440484e-08 
-8.16386461e-08 -8.16386461e-08 
-8.46190957e-08 -8.46190957e-08 
-8.75516051e-08 -8.75516051e-08 
-9.05521063e-08 -9.05521063e-08 
-9.16995759e-08 -9.16995759e-08 
-9.46778513e-08 -9.46778513e-08 
-9.75756507e-08 -9.75756507e-08 
-1.00544021e-07 -1.00544021e-07 
-1.08300775e-07 -1.08300775e-07 
-1.11283164e-07 -1.11283164e-07 
-1.14167129e-07 -1.14167129e-07 
-1.17122369e-07 -1.17122369e-07 
-1.18262449e-07 -1.18262449e-07 
-1.21198752e-07 -1.21198752e-07 
-1.24045187e-07 -1.24045187e-07 
-1.26959087e-07 -1.26959087e-07 
-1.23548176e-07 -1.23548176e-07 
-1.26515125e-07 -1.26515125e-07 
-1.29417550e-07 -1.29417550e-07 
-1.32383796e-07 -1.32383796e-07 
-1.33528282e-07 -1.33528282e-07 
-1.36500383e-07 -1.36500383e-07 
-1.39392043e-07 -1.39392043e-07 
-1.42338571e-07 -1.42338571e-07 
-1.50078790e-07 -1.50078790e-07 
-1.53042336e-07 -1.53042336e-07 
-1.55915139e-07 -1.55915139e-07 
-1.58847726e-07 -1.58847726e-07 
-1.59983756e-07 -1.59983756e-07 
-1.62925026e-07 -1.62925026e-07 
-1.65773052e-07 -1.65773052e-07 
-1.68681474e-07 -1.68681474e-07 
-1.46171033e-07 -1.46171033e-07 
-1.49139765e-07 -1.49139765e-07 
-1.52043640e-07 -1.52043640e-07 
-1.55032843e-07 -1.55032843e-07 
-1.56182026e-07 -1.56182026e-07 
-1.59163633e-07 -1.59163633e-07 
-1.62044117e-07 -1.62044117e-07 
-1.64998006e-07 -1.64998006e-07 
-1.72760103e-07 -1.72760103e-07 
-1.75762516e-07 -1.75762516e-07 
-1.78672110e-07 -1.78672110e-07 
-1.81659715e-07 -1.81659715e-07 
-1.82811931e-07 -1.82811931e-07 
-1.85777076e-07 -1.85777076e-07 
-1.88649700e-07 -1.88649700e-07 
-1.91587340e-07 -1.91587340e-07 
-1.88118584e-07 -1.88118584e-07 
-1.91103616e-07 -1.91103616e-07 
-1.94014930e-07 -1.94014930e-07 
-1.96990612e-07 -1.96990612e-07 
-1.98138153e-07 -1.98138153e-07 
-2.01113927e-07 -2.01113927e-07 
-2.03999441e-07 -2.03999441e-07 
-2.06933386e-07 -2.06933386e-07 
-2.14605585e-07 -2.14605585e-07 
-2.17541306e-07 -2.17541306e-07 
-2.20392479e-07 -2.20392479e-07 
-2.23318047e-07 -2.23318047e-07 
-2.24451313e-07 -2.24451313e-07 
-2.27383033e-07 -2.27383033e-07 
-2.30222248e-07 -2.30222248e-07 
-2.33120595e-07 -2.33120595e-07 
-2.27523458e-07 -2.27523458e-07 
-2.30483948e-07 -2.30483948e-07 
-2.33382615e-07 -2.33382615e-07 
-2.36371250e-07 -2.36371250e-07 
-2.37518719e-07 -2.37518719e-07 
-2.40490976e-07 -2.40490976e-07 
-2.43365982e-07 -2.43365982e-07 
-2.46306612e-07 -2.46306612e-07 
-2.54039904e-07 -2.54039904e-07 
-2.57020524e-07 -2.57020524e-07 
-2.59908056e-07 -2.59908056e-07 
-2.62868042e-07 -2.62868042e-07 
-2.64011298e-07 -2.64011298e-07 
-2.66955716e-07 -2.66955716e-07 
-2.69801539e-07 -2.69801539e-07 
-2.72702131e-07 -2.72702131e-07 
-2.69324495e-07 -2.69324495e-07 
-2.72286016e-07 -2.72286016e-07 
-2.75174642e-07 -2.75174642e-07 
-2.78124219e-07 -2.78124219e-07 
-2.79257335e-07 -2.79257335e-07 
-2.82197298e-07 -2.82197298e-07 
-2.85061716e-07 -2.85061716e-07 
-2.87984335e-07 -2.87984335e-07 
-2.95682348e-07 -2.95682348e-07 
-2.98632784e-07 -2.98632784e-07 
-3.01495668e-07 -3.01495668e-07 
-3.04413909e-07 -3.04413909e-07 
-3.05541818e-07 -3.05541818e-07 
-3.08463349e-07 -3.08463349e-07 
-3.11290080e-07 -3.11290080e-07 
-3.14181946e-07 -3.14181946e-07 
