 viout#branch    i(Viout)       
-2.08828510e-11 -2.08828510e-11 
-1.24250477e-09 -1.24250477e-09 
-2.99227310e-09 -2.99227310e-09 
-4.25438174e-09 -4.25438174e-09 
-5.63375835e-09 -5.63375835e-09 
-6.90124580e-09 -6.90124580e-09 
-8.67510153e-09 -8.67510153e-09 
-9.94902649e-09 -9.94902649e-09 
-5.96340044e-09 -5.96340044e-09 
-7.22333482e-09 -7.22333482e-09 
-8.99357389e-09 -8.99357389e-09 
-1.02633422e-08 -1.02633422e-08 
-1.16515935e-08 -1.16515935e-08 
-1.29301299e-08 -1.29301299e-08 
-1.47250105e-08 -1.47250105e-08 
-1.60029785e-08 -1.60029785e-08 
-1.46390420e-08 -1.46390420e-08 
-1.59109419e-08 -1.59109419e-08 
-1.76967632e-08 -1.76967632e-08 
-1.89812610e-08 -1.89812610e-08 
-2.03730863e-08 -2.03730863e-08 
-2.16456186e-08 -2.16456186e-08 
-2.34253008e-08 -2.34253008e-08 
-2.46998155e-08 -2.46998155e-08 
-2.07135926e-08 -2.07135926e-08 
-2.19794316e-08 -2.19794316e-08 
-2.37600801e-08 -2.37600801e-08 
-2.50368402e-08 -2.50368402e-08 
-2.64220645e-08 -2.64220645e-08 
-2.77011267e-08 -2.77011267e-08 
-2.95031271e-08 -2.95031271e-08 
-3.07857420e-08 -3.07857420e-08 
-3.67891602e-08 -3.67891602e-08 
-3.80591771e-08 -3.80591771e-08 
-3.98561113e-08 -3.98561113e-08 
-4.11379020e-08 -4.11379020e-08 
-4.25314468e-08 -4.25314468e-08 
-4.38160797e-08 -4.38160797e-08 
-4.56150460e-08 -4.56150460e-08 
-4.68999986e-08 -4.68999986e-08 
-4.28702265e-08 -4.28702265e-08 
-4.41483508e-08 -4.41483508e-08 
-4.59472247e-08 -4.59472247e-08 
-4.72274166e-08 -4.72274166e-08 
-4.86193983e-08 -4.86193983e-08 
-4.99004571e-08 -4.99004571e-08 
-5.16968868e-08 -5.16968868e-08 
-5.29718704e-08 -5.29718704e-08 
-5.16265146e-08 -5.16265146e-08 
-5.28987485e-08 -5.28987485e-08 
-5.46833121e-08 -5.46833121e-08 
-5.59599727e-08 -5.59599727e-08 
-5.73522385e-08 -5.73522385e-08 
-5.86313931e-08 -5.86313931e-08 
-6.04215415e-08 -6.04215415e-08 
-6.16927167e-08 -6.16927167e-08 
-5.76970933e-08 -5.76970933e-08 
-5.89751465e-08 -5.89751465e-08 
-6.07624742e-08 -6.07624742e-08 
-6.20405274e-08 -6.20405274e-08 
-6.34189519e-08 -6.34189519e-08 
-6.46831992e-08 -6.46831992e-08 
-6.64702426e-08 -6.64702426e-08 
-6.77457592e-08 -6.77457592e-08 
-1.11784679e-07 -1.11784679e-07 
-1.13049225e-07 -1.13049225e-07 
-1.14837022e-07 -1.14837022e-07 
-1.16115778e-07 -1.16115778e-07 
-1.17516386e-07 -1.17516386e-07 
-1.18804053e-07 -1.18804053e-07 
-1.20602984e-07 -1.20602984e-07 
-1.21887581e-07 -1.21887581e-07 
-1.17854484e-07 -1.17854484e-07 
-1.19134327e-07 -1.19134327e-07 
-1.20932143e-07 -1.20932143e-07 
-1.22210473e-07 -1.22210473e-07 
-1.23601339e-07 -1.23601339e-07 
-1.24879527e-07 -1.24879527e-07 
-1.26672326e-07 -1.26672326e-07 
-1.27950806e-07 -1.27950806e-07 
-1.26596916e-07 -1.26596916e-07 
-1.27870905e-07 -1.27870905e-07 
-1.29664102e-07 -1.29664102e-07 
-1.30954056e-07 -1.30954056e-07 
-1.32358316e-07 -1.32358316e-07 
-1.33645528e-07 -1.33645528e-07 
-1.35443472e-07 -1.35443472e-07 
-1.36719351e-07 -1.36719351e-07 
-1.32704848e-07 -1.32704848e-07 
-1.33989801e-07 -1.33989801e-07 
-1.35784497e-07 -1.35784497e-07 
-1.37065093e-07 -1.37065093e-07 
-1.38447206e-07 -1.38447206e-07 
-1.39719596e-07 -1.39719596e-07 
-1.41516033e-07 -1.41516033e-07 
-1.42796068e-07 -1.42796068e-07 
-1.48822757e-07 -1.48822757e-07 
-1.50097783e-07 -1.50097783e-07 
-1.51892728e-07 -1.51892728e-07 
-1.53185162e-07 -1.53185162e-07 
-1.54585905e-07 -1.54585905e-07 
-1.55866474e-07 -1.55866474e-07 
-1.57652863e-07 -1.57652863e-07 
-1.58929574e-07 -1.58929574e-07 
-1.54928912e-07 -1.54928912e-07 
-1.56202788e-07 -1.56202788e-07 
-1.57988474e-07 -1.57988474e-07 
-1.59268133e-07 -1.59268133e-07 
-1.60653130e-07 -1.60653130e-07 
-1.61929826e-07 -1.61929826e-07 
-1.63725758e-07 -1.63725758e-07 
-1.65001424e-07 -1.65001424e-07 
-1.63659521e-07 -1.63659521e-07 
-1.64936438e-07 -1.64936438e-07 
-1.66735489e-07 -1.66735489e-07 
-1.68015397e-07 -1.68015397e-07 
-1.69406476e-07 -1.69406476e-07 
-1.70683556e-07 -1.70683556e-07 
-1.72470209e-07 -1.72470209e-07 
-1.73736218e-07 -1.73736218e-07 
-1.69750351e-07 -1.69750351e-07 
-1.71029583e-07 -1.71029583e-07 
-1.72812889e-07 -1.72812889e-07 
-1.74088342e-07 -1.74088342e-07 
-1.75463846e-07 -1.75463846e-07 
-1.76717442e-07 -1.76717442e-07 
-1.78475084e-07 -1.78475084e-07 
-1.79724026e-07 -1.79724026e-07 
