 viout#branch    i(Viout)       
-2.06199502e-11 -2.06199502e-11 
-5.40140377e-10 -5.40140377e-10 
-1.07813491e-09 -1.07813491e-09 
-1.61005431e-09 -1.61005431e-09 
-3.57707819e-09 -3.57707819e-09 
-4.11883860e-09 -4.11883860e-09 
-4.67130690e-09 -4.67130690e-09 
-5.21470156e-09 -5.21470156e-09 
-4.41743708e-09 -4.41743708e-09 
-4.95705166e-09 -4.95705166e-09 
-5.50559776e-09 -5.50559776e-09 
-6.04705264e-09 -6.04705264e-09 
-8.02231881e-09 -8.02231881e-09 
-8.56965698e-09 -8.56965698e-09 
-9.12579878e-09 -9.12579878e-09 
-9.67683178e-09 -9.67683178e-09 
-1.00716306e-08 -1.00716306e-08 
-1.06159064e-08 -1.06159064e-08 
-1.11706129e-08 -1.11706129e-08 
-1.17131975e-08 -1.17131975e-08 
-1.37094887e-08 -1.37094887e-08 
-1.42558463e-08 -1.42558463e-08 
-1.48098351e-08 -1.48098351e-08 
-1.53556243e-08 -1.53556243e-08 
-1.45605128e-08 -1.45605128e-08 
-1.51028416e-08 -1.51028416e-08 
-1.56530433e-08 -1.56530433e-08 
-1.61983564e-08 -1.61983564e-08 
-1.81905904e-08 -1.81905904e-08 
-1.87385254e-08 -1.87385254e-08 
-1.92947027e-08 -1.92947027e-08 
-1.98485992e-08 -1.98485992e-08 
-2.64004427e-08 -2.64004427e-08 
-2.69466227e-08 -2.69466227e-08 
-2.75009526e-08 -2.75009526e-08 
-2.80498256e-08 -2.80498256e-08 
-3.00511971e-08 -3.00511971e-08 
-3.06024504e-08 -3.06024504e-08 
-3.11642268e-08 -3.11642268e-08 
-3.17178817e-08 -3.17178817e-08 
-3.09088861e-08 -3.09088861e-08 
-3.14590238e-08 -3.14590238e-08 
-3.20162457e-08 -3.20162457e-08 
-3.25673568e-08 -3.25673568e-08 
-3.45651614e-08 -3.45651614e-08 
-3.51146028e-08 -3.51146028e-08 
-3.56712277e-08 -3.56712277e-08 
-3.62237458e-08 -3.62237458e-08 
-3.66308441e-08 -3.66308441e-08 
-3.71766831e-08 -3.71766831e-08 
-3.77325193e-08 -3.77325193e-08 
-3.82789125e-08 -3.82789125e-08 
-4.02682190e-08 -4.02682190e-08 
-4.08180014e-08 -4.08180014e-08 
-4.13757988e-08 -4.13757988e-08 
-4.19273363e-08 -4.19273363e-08 
-4.11253609e-08 -4.11253609e-08 
-4.16739709e-08 -4.16739709e-08 
-4.22303614e-08 -4.22303614e-08 
-4.27772946e-08 -4.27772946e-08 
-4.47687256e-08 -4.47687256e-08 
-4.53146143e-08 -4.53146143e-08 
-4.58658178e-08 -4.58658178e-08 
-4.64165737e-08 -4.64165737e-08 
-3.52795269e-08 -3.52795269e-08 
-3.58166474e-08 -3.58166474e-08 
-3.63624153e-08 -3.63624153e-08 
-3.69033017e-08 -3.69033017e-08 
-3.88840675e-08 -3.88840675e-08 
-3.94245845e-08 -3.94245845e-08 
-3.99774223e-08 -3.99774223e-08 
-4.05228988e-08 -4.05228988e-08 
-3.97234885e-08 -3.97234885e-08 
-4.02649079e-08 -4.02649079e-08 
-4.08153937e-08 -4.08153937e-08 
-4.13599963e-08 -4.13599963e-08 
-4.33431140e-08 -4.33431140e-08 
-4.38920509e-08 -4.38920509e-08 
-4.44486048e-08 -4.44486048e-08 
-4.50003697e-08 -4.50003697e-08 
-4.53968880e-08 -4.53968880e-08 
-4.59411922e-08 -4.59411922e-08 
-4.64960692e-08 -4.64960692e-08 
-4.70383767e-08 -4.70383767e-08 
-4.90252816e-08 -4.90252816e-08 
-4.95696000e-08 -4.95696000e-08 
-5.01204980e-08 -5.01204980e-08 
-5.06628837e-08 -5.06628837e-08 
-4.98730941e-08 -4.98730941e-08 
-5.04129929e-08 -5.04129929e-08 
-5.09580076e-08 -5.09580076e-08 
-5.14949932e-08 -5.14949932e-08 
-5.34557998e-08 -5.34557998e-08 
-5.39947536e-08 -5.39947536e-08 
-5.45417649e-08 -5.45417649e-08 
-5.50878596e-08 -5.50878596e-08 
-6.15804865e-08 -6.15804865e-08 
-6.21243927e-08 -6.21243927e-08 
-6.26773158e-08 -6.26773158e-08 
-6.32230623e-08 -6.32230623e-08 
-6.52238583e-08 -6.52238583e-08 
-6.57711396e-08 -6.57711396e-08 
-6.63292710e-08 -6.63292710e-08 
-6.68811992e-08 -6.68811992e-08 
-6.60763959e-08 -6.60763959e-08 
-6.66242812e-08 -6.66242812e-08 
-6.71798830e-08 -6.71798830e-08 
-6.77302694e-08 -6.77302694e-08 
-6.97309730e-08 -6.97309730e-08 
-7.02816436e-08 -7.02816436e-08 
-7.08392278e-08 -7.08392278e-08 
-7.13938491e-08 -7.13938491e-08 
-7.18048341e-08 -7.18048341e-08 
-7.23545526e-08 -7.23545526e-08 
-7.29134442e-08 -7.29134442e-08 
-7.34647969e-08 -7.34647969e-08 
-7.54632197e-08 -7.54632197e-08 
-7.60137340e-08 -7.60137340e-08 
-7.65707355e-08 -7.65707355e-08 
-7.71211717e-08 -7.71211717e-08 
-7.63202408e-08 -7.63202408e-08 
-7.68682042e-08 -7.68682042e-08 
-7.74239197e-08 -7.74239197e-08 
-7.79682239e-08 -7.79682239e-08 
-7.99530113e-08 -7.99530113e-08 
-8.04967542e-08 -8.04967542e-08 
-8.10436731e-08 -8.10436731e-08 
-8.15902013e-08 -8.15902013e-08 
