 viout#branch    i(Viout)       
-2.16928697e-11 -2.16928697e-11 
-1.57375979e-09 -1.57375979e-09 
-2.89497137e-09 -2.89497137e-09 
-4.47609949e-09 -4.47609949e-09 
-6.78863188e-09 -6.78863188e-09 
-8.38701197e-09 -8.38701197e-09 
-9.72890746e-09 -9.72890746e-09 
-1.13196066e-08 -1.13196066e-08 
-1.15009797e-08 -1.15009797e-08 
-1.31023228e-08 -1.31023228e-08 
-1.44481263e-08 -1.44481263e-08 
-1.60469114e-08 -1.60469114e-08 
-1.83619946e-08 -1.83619946e-08 
-1.99657322e-08 -1.99657322e-08 
-2.13190887e-08 -2.13190887e-08 
-2.29203962e-08 -2.29203962e-08 
-3.39682558e-08 -3.39682558e-08 
-3.55594594e-08 -3.55594594e-08 
-3.69015396e-08 -3.69015396e-08 
-3.84923027e-08 -3.84923027e-08 
-4.08192093e-08 -4.08192093e-08 
-4.24259241e-08 -4.24259241e-08 
-4.37761756e-08 -4.37761756e-08 
-4.53670026e-08 -4.53670026e-08 
-4.55538895e-08 -4.55538895e-08 
-4.71548631e-08 -4.71548631e-08 
-4.84902287e-08 -4.84902287e-08 
-5.00805015e-08 -5.00805015e-08 
-5.23835553e-08 -5.23835553e-08 
-5.39650102e-08 -5.39650102e-08 
-5.52939881e-08 -5.52939881e-08 
-5.68731409e-08 -5.68731409e-08 
-3.99110434e-08 -3.99110434e-08 
-4.15045704e-08 -4.15045704e-08 
-4.28520153e-08 -4.28520153e-08 
-4.44504664e-08 -4.44504664e-08 
-4.67618051e-08 -4.67618051e-08 
-4.83630771e-08 -4.83630771e-08 
-4.97094064e-08 -4.97094064e-08 
-5.13006739e-08 -5.13006739e-08 
-5.14806260e-08 -5.14806260e-08 
-5.30828999e-08 -5.30828999e-08 
-5.44234098e-08 -5.44234098e-08 
-5.60191395e-08 -5.60191395e-08 
-5.83202251e-08 -5.83202251e-08 
-5.99039183e-08 -5.99039183e-08 
-6.12440445e-08 -6.12440445e-08 
-6.28339620e-08 -6.28339620e-08 
-7.38345918e-08 -7.38345918e-08 
-7.54254330e-08 -7.54254330e-08 
-7.67687283e-08 -7.67687283e-08 
-7.83655594e-08 -7.83655594e-08 
-8.06839893e-08 -8.06839893e-08 
-8.22898230e-08 -8.22898230e-08 
-8.36425329e-08 -8.36425329e-08 
-8.52397051e-08 -8.52397051e-08 
-8.54282618e-08 -8.54282618e-08 
-8.70374919e-08 -8.70374919e-08 
-8.83818103e-08 -8.83818103e-08 
-8.99804817e-08 -8.99804817e-08 
-9.22994374e-08 -9.22994374e-08 
-9.38877491e-08 -9.38877491e-08 
-9.52169756e-08 -9.52169756e-08 
-9.67867848e-08 -9.67867848e-08 
-1.14822853e-07 -1.14822853e-07 
-1.16407655e-07 -1.16407655e-07 
-1.17744648e-07 -1.17744648e-07 
-1.19325719e-07 -1.19325719e-07 
-1.21643417e-07 -1.21643417e-07 
-1.23245954e-07 -1.23245954e-07 
-1.24589498e-07 -1.24589498e-07 
-1.26175792e-07 -1.26175792e-07 
-1.26354728e-07 -1.26354728e-07 
-1.27949349e-07 -1.27949349e-07 
-1.29287812e-07 -1.29287812e-07 
-1.30885248e-07 -1.30885248e-07 
-1.33198263e-07 -1.33198263e-07 
-1.34796743e-07 -1.34796743e-07 
-1.36147534e-07 -1.36147534e-07 
-1.37747278e-07 -1.37747278e-07 
-1.48759746e-07 -1.48759746e-07 
-1.50345059e-07 -1.50345059e-07 
-1.51682904e-07 -1.51682904e-07 
-1.53269248e-07 -1.53269248e-07 
-1.55575790e-07 -1.55575790e-07 
-1.57170710e-07 -1.57170710e-07 
-1.58512385e-07 -1.58512385e-07 
-1.60094622e-07 -1.60094622e-07 
-1.60281054e-07 -1.60281054e-07 
-1.61872705e-07 -1.61872705e-07 
-1.63201214e-07 -1.63201214e-07 
-1.64780367e-07 -1.64780367e-07 
-1.67067341e-07 -1.67067341e-07 
-1.68631374e-07 -1.68631374e-07 
-1.69939291e-07 -1.69939291e-07 
-1.71488772e-07 -1.71488772e-07 
-1.54775030e-07 -1.54775030e-07 
-1.56361885e-07 -1.56361885e-07 
-1.57693790e-07 -1.57693790e-07 
-1.59289876e-07 -1.59289876e-07 
-1.61604234e-07 -1.61604234e-07 
-1.63190336e-07 -1.63190336e-07 
-1.64517211e-07 -1.64517211e-07 
-1.66085520e-07 -1.66085520e-07 
-1.66265515e-07 -1.66265515e-07 
-1.67850864e-07 -1.67850864e-07 
-1.69177056e-07 -1.69177056e-07 
-1.70760316e-07 -1.70760316e-07 
-1.73050950e-07 -1.73050950e-07 
-1.74623594e-07 -1.74623594e-07 
-1.75951314e-07 -1.75951314e-07 
-1.77525948e-07 -1.77525948e-07 
-1.88375687e-07 -1.88375687e-07 
-1.89945226e-07 -1.89945226e-07 
-1.91269898e-07 -1.91269898e-07 
-1.92850067e-07 -1.92850067e-07 
-1.95140395e-07 -1.95140395e-07 
-1.96725836e-07 -1.96725836e-07 
-1.98064626e-07 -1.98064626e-07 
-1.99648333e-07 -1.99648333e-07 
-1.99834965e-07 -1.99834965e-07 
-2.01432023e-07 -2.01432023e-07 
-2.02769343e-07 -2.02769343e-07 
-2.04358081e-07 -2.04358081e-07 
-2.06667266e-07 -2.06667266e-07 
-2.08251492e-07 -2.08251492e-07 
-2.09576953e-07 -2.09576953e-07 
-2.11142861e-07 -2.11142861e-07 
