 viout#branch    i(Viout)       
-2.16857643e-11 -2.16857643e-11 
-2.69955081e-09 -2.69955081e-09 
-5.57108137e-09 -5.57108137e-09 
-8.34265279e-09 -8.34265279e-09 
-1.02251647e-08 -1.02251647e-08 
-1.30173063e-08 -1.30173063e-08 
-1.59312066e-08 -1.59312066e-08 
-1.87258635e-08 -1.87258635e-08 
-2.01326387e-08 -2.01326387e-08 
-2.29280630e-08 -2.29280630e-08 
-2.58678057e-08 -2.58678057e-08 
-2.86741795e-08 -2.86741795e-08 
-3.05624255e-08 -3.05624255e-08 
-3.33610615e-08 -3.33610615e-08 
-3.62995394e-08 -3.62995394e-08 
-3.90905441e-08 -3.90905441e-08 
-4.07300220e-08 -4.07300220e-08 
-4.35069722e-08 -4.35069722e-08 
-4.64251002e-08 -4.64251002e-08 
-4.92334919e-08 -4.92334919e-08 
-5.11335543e-08 -5.11335543e-08 
-5.39446674e-08 -5.39446674e-08 
-5.68708671e-08 -5.68708671e-08 
-5.96443996e-08 -5.96443996e-08 
-6.10475510e-08 -6.10475510e-08 
-6.38285726e-08 -6.38285726e-08 
-6.67441782e-08 -6.67441782e-08 
-6.95470703e-08 -6.95470703e-08 
-7.14428126e-08 -7.14428126e-08 
-7.42338457e-08 -7.42338457e-08 
-7.71450175e-08 -7.71450175e-08 
-7.99129367e-08 -7.99129367e-08 
-1.21048920e-07 -1.21048920e-07 
-1.23789945e-07 -1.23789945e-07 
-1.26686238e-07 -1.26686238e-07 
-1.29480938e-07 -1.29480938e-07 
-1.31366079e-07 -1.31366079e-07 
-1.34149921e-07 -1.34149921e-07 
-1.37045646e-07 -1.37045646e-07 
-1.39813494e-07 -1.39813494e-07 
-1.41212581e-07 -1.41212581e-07 
-1.43998619e-07 -1.43998619e-07 
-1.46916030e-07 -1.46916030e-07 
-1.49711902e-07 -1.49711902e-07 
-1.51596723e-07 -1.51596723e-07 
-1.54366958e-07 -1.54366958e-07 
-1.57259748e-07 -1.57259748e-07 
-1.60007303e-07 -1.60007303e-07 
-1.61631014e-07 -1.61631014e-07 
-1.64375770e-07 -1.64375770e-07 
-1.67271693e-07 -1.67271693e-07 
-1.70028073e-07 -1.70028073e-07 
-1.71889710e-07 -1.71889710e-07 
-1.74651156e-07 -1.74651156e-07 
-1.77536691e-07 -1.77536691e-07 
-1.80274093e-07 -1.80274093e-07 
-1.81672526e-07 -1.81672526e-07 
-1.84430483e-07 -1.84430483e-07 
-1.87307649e-07 -1.87307649e-07 
-1.90062870e-07 -1.90062870e-07 
-1.91927604e-07 -1.91927604e-07 
-1.94668779e-07 -1.94668779e-07 
-1.97521743e-07 -1.97521743e-07 
-2.00223390e-07 -2.00223390e-07 
-2.22724118e-07 -2.22724118e-07 
-2.25461839e-07 -2.25461839e-07 
-2.28369537e-07 -2.28369537e-07 
-2.31147446e-07 -2.31147446e-07 
-2.33035557e-07 -2.33035557e-07 
-2.35841952e-07 -2.35841952e-07 
-2.38768230e-07 -2.38768230e-07 
-2.41560286e-07 -2.41560286e-07 
-2.42961555e-07 -2.42961555e-07 
-2.45748893e-07 -2.45748893e-07 
-2.48665110e-07 -2.48665110e-07 
-2.51450892e-07 -2.51450892e-07 
-2.53330519e-07 -2.53330519e-07 
-2.56104919e-07 -2.56104919e-07 
-2.59021711e-07 -2.59021711e-07 
-2.61796224e-07 -2.61796224e-07 
-2.63422542e-07 -2.63422542e-07 
-2.66194036e-07 -2.66194036e-07 
-2.69117372e-07 -2.69117372e-07 
-2.71909897e-07 -2.71909897e-07 
-2.73804496e-07 -2.73804496e-07 
-2.76613491e-07 -2.76613491e-07 
-2.79544537e-07 -2.79544537e-07 
-2.82321686e-07 -2.82321686e-07 
-2.83733208e-07 -2.83733208e-07 
-2.86518109e-07 -2.86518109e-07 
-2.89418651e-07 -2.89418651e-07 
-2.92194692e-07 -2.92194692e-07 
-2.94073573e-07 -2.94073573e-07 
-2.96841371e-07 -2.96841371e-07 
-2.99727226e-07 -2.99727226e-07 
-3.02462624e-07 -3.02462624e-07 
-3.43211134e-07 -3.43211134e-07 
-3.45937465e-07 -3.45937465e-07 
-3.48810779e-07 -3.48810779e-07 
-3.51582912e-07 -3.51582912e-07 
-3.53461353e-07 -3.53461353e-07 
-3.56244911e-07 -3.56244911e-07 
-3.59144728e-07 -3.59144728e-07 
-3.61895708e-07 -3.61895708e-07 
-3.63287896e-07 -3.63287896e-07 
-3.66045342e-07 -3.66045342e-07 
-3.68935375e-07 -3.68935375e-07 
-3.71713419e-07 -3.71713419e-07 
-3.73592364e-07 -3.73592364e-07 
-3.76357676e-07 -3.76357676e-07 
-3.79240227e-07 -3.79240227e-07 
-3.81979582e-07 -3.81979582e-07 
-3.83596699e-07 -3.83596699e-07 
-3.86350770e-07 -3.86350770e-07 
-3.89257053e-07 -3.89257053e-07 
-3.92033172e-07 -3.92033172e-07 
-3.93899732e-07 -3.93899732e-07 
-3.96667218e-07 -3.96667218e-07 
-3.99565707e-07 -3.99565707e-07 
-4.02311954e-07 -4.02311954e-07 
-4.03715433e-07 -4.03715433e-07 
-4.06481256e-07 -4.06481256e-07 
-4.09362450e-07 -4.09362450e-07 
-4.12115355e-07 -4.12115355e-07 
-4.13977865e-07 -4.13977865e-07 
-4.16715771e-07 -4.16715771e-07 
-4.19561388e-07 -4.19561388e-07 
-4.22246664e-07 -4.22246664e-07 
