 viout#branch    i(Viout)       
-2.14015472e-11 -2.14015472e-11 
-1.39362299e-09 -1.39362299e-09 
-4.81654183e-09 -4.81654183e-09 
-6.26639718e-09 -6.26639718e-09 
-8.70450378e-09 -8.70450378e-09 
-1.01552615e-08 -1.01552615e-08 
-1.36525315e-08 -1.36525315e-08 
-1.51180757e-08 -1.51180757e-08 
-1.70000405e-08 -1.70000405e-08 
-1.84554878e-08 -1.84554878e-08 
-2.19839436e-08 -2.19839436e-08 
-2.34612330e-08 -2.34612330e-08 
-2.59170676e-08 -2.59170676e-08 
-2.73816241e-08 -2.73816241e-08 
-3.09177395e-08 -3.09177395e-08 
-3.23859268e-08 -3.23859268e-08 
-2.68012244e-08 -2.68012244e-08 
-2.82330390e-08 -2.82330390e-08 
-3.17316164e-08 -3.17316164e-08 
-3.32059145e-08 -3.32059145e-08 
-3.56648613e-08 -3.56648613e-08 
-3.71226463e-08 -3.71226463e-08 
-4.06135854e-08 -4.06135854e-08 
-4.20701269e-08 -4.20701269e-08 
-4.39494556e-08 -4.39494556e-08 
-4.54075604e-08 -4.54075604e-08 
-4.89403433e-08 -4.89403433e-08 
-5.04244397e-08 -5.04244397e-08 
-5.28981090e-08 -5.28981090e-08 
-5.43679377e-08 -5.43679377e-08 
-5.78941339e-08 -5.78941339e-08 
-5.93603744e-08 -5.93603744e-08 
-1.03424036e-07 -1.03424036e-07 
-1.04858465e-07 -1.04858465e-07 
-1.08372909e-07 -1.08372909e-07 
-1.09856195e-07 -1.09856195e-07 
-1.12330440e-07 -1.12330440e-07 
-1.13797455e-07 -1.13797455e-07 
-1.17311252e-07 -1.17311252e-07 
-1.18778360e-07 -1.18778360e-07 
-1.20669640e-07 -1.20669640e-07 
-1.22135823e-07 -1.22135823e-07 
-1.25684821e-07 -1.25684821e-07 
-1.27173330e-07 -1.27173330e-07 
-1.29651859e-07 -1.29651859e-07 
-1.31123066e-07 -1.31123066e-07 
-1.34648481e-07 -1.34648481e-07 
-1.36112199e-07 -1.36112199e-07 
-1.30499842e-07 -1.30499842e-07 
-1.31942585e-07 -1.31942585e-07 
-1.35468277e-07 -1.35468277e-07 
-1.36938070e-07 -1.36938070e-07 
-1.39400164e-07 -1.39400164e-07 
-1.40869496e-07 -1.40869496e-07 
-1.44394505e-07 -1.44394505e-07 
-1.45850926e-07 -1.45850926e-07 
-1.47732109e-07 -1.47732109e-07 
-1.49181282e-07 -1.49181282e-07 
-1.52667141e-07 -1.52667141e-07 
-1.54123477e-07 -1.54123477e-07 
-1.56549618e-07 -1.56549618e-07 
-1.57995999e-07 -1.57995999e-07 
-1.61465508e-07 -1.61465508e-07 
-1.62903618e-07 -1.62903618e-07 
-1.71821810e-07 -1.71821810e-07 
-1.73233609e-07 -1.73233609e-07 
-1.76698656e-07 -1.76698656e-07 
-1.78156554e-07 -1.78156554e-07 
-1.80613227e-07 -1.80613227e-07 
-1.82077557e-07 -1.82077557e-07 
-1.85596164e-07 -1.85596164e-07 
-1.87063861e-07 -1.87063861e-07 
-1.88942145e-07 -1.88942145e-07 
-1.90394729e-07 -1.90394729e-07 
-1.93908157e-07 -1.93908157e-07 
-1.95383691e-07 -1.95383691e-07 
-1.97841544e-07 -1.97841544e-07 
-1.99301930e-07 -1.99301930e-07 
-2.02830442e-07 -2.02830442e-07 
-2.04297116e-07 -2.04297116e-07 
-1.98693854e-07 -1.98693854e-07 
-2.00125811e-07 -2.00125811e-07 
-2.03629000e-07 -2.03629000e-07 
-2.05103177e-07 -2.05103177e-07 
-2.07570565e-07 -2.07570565e-07 
-2.09037182e-07 -2.09037182e-07 
-2.12551925e-07 -2.12551925e-07 
-2.14005880e-07 -2.14005880e-07 
-2.15876788e-07 -2.15876788e-07 
-2.17322359e-07 -2.17322359e-07 
-2.20825491e-07 -2.20825491e-07 
-2.22297345e-07 -2.22297345e-07 
-2.24754565e-07 -2.24754565e-07 
-2.26216166e-07 -2.26216166e-07 
-2.29713002e-07 -2.29713002e-07 
-2.31165181e-07 -2.31165181e-07 
-2.74858806e-07 -2.74858806e-07 
-2.76284673e-07 -2.76284673e-07 
-2.79779812e-07 -2.79779812e-07 
-2.81253868e-07 -2.81253868e-07 
-2.83721455e-07 -2.83721455e-07 
-2.85189309e-07 -2.85189309e-07 
-2.88710886e-07 -2.88710886e-07 
-2.90168160e-07 -2.90168160e-07 
-2.92044525e-07 -2.92044525e-07 
-2.93496392e-07 -2.93496392e-07 
-2.97016207e-07 -2.97016207e-07 
-2.98496424e-07 -2.98496424e-07 
-3.00966292e-07 -3.00966292e-07 
-3.02435907e-07 -3.02435907e-07 
-3.05950955e-07 -3.05950955e-07 
-3.07411824e-07 -3.07411824e-07 
-3.01788830e-07 -3.01788830e-07 
-3.03235289e-07 -3.03235289e-07 
-3.06765770e-07 -3.06765770e-07 
-3.08240409e-07 -3.08240409e-07 
-3.10700557e-07 -3.10700557e-07 
-3.12172340e-07 -3.12172340e-07 
-3.15708775e-07 -3.15708775e-07 
-3.17172166e-07 -3.17172166e-07 
-3.19064831e-07 -3.19064831e-07 
-3.20524109e-07 -3.20524109e-07 
-3.24036698e-07 -3.24036698e-07 
-3.25503692e-07 -3.25503692e-07 
-3.27949152e-07 -3.27949152e-07 
-3.29401850e-07 -3.29401850e-07 
-3.32866087e-07 -3.32866087e-07 
-3.34297752e-07 -3.34297752e-07 
