 viout#branch    i(Viout)       
-2.07904804e-11 -2.07904804e-11 
-3.96930488e-10 -3.96930488e-10 
-6.92864432e-10 -6.92864432e-10 
-1.07680620e-09 -1.07680620e-09 
-1.29645628e-09 -1.29645628e-09 
-1.68176939e-09 -1.68176939e-09 
-1.97877625e-09 -1.97877625e-09 
-2.36652653e-09 -2.36652653e-09 
-3.26467386e-09 -3.26467386e-09 
-3.65494657e-09 -3.65494657e-09 
-3.95642274e-09 -3.95642274e-09 
-4.34763336e-09 -4.34763336e-09 
-4.56937954e-09 -4.56937954e-09 
-4.95724350e-09 -4.95724350e-09 
-5.25866284e-09 -5.25866284e-09 
-5.64825342e-09 -5.64825342e-09 
-6.77028567e-09 -6.77028567e-09 
-7.16048731e-09 -7.16048731e-09 
-7.46296536e-09 -7.46296536e-09 
-7.85352938e-09 -7.85352938e-09 
-8.07696665e-09 -8.07696665e-09 
-8.46907255e-09 -8.46907255e-09 
-8.77156481e-09 -8.77156481e-09 
-9.16089249e-09 -9.16089249e-09 
-1.00624931e-08 -1.00624931e-08 
-1.04524815e-08 -1.04524815e-08 
-1.07528777e-08 -1.07528777e-08 
-1.11444223e-08 -1.11444223e-08 
-1.13671916e-08 -1.13671916e-08 
-1.17593402e-08 -1.17593402e-08 
-1.20621308e-08 -1.20621308e-08 
-1.24523964e-08 -1.24523964e-08 
-1.43409835e-08 -1.43409835e-08 
-1.47335513e-08 -1.47335513e-08 
-1.50381965e-08 -1.50381965e-08 
-1.54334145e-08 -1.54334145e-08 
-1.56575908e-08 -1.56575908e-08 
-1.60487801e-08 -1.60487801e-08 
-1.63485652e-08 -1.63485652e-08 
-1.67374878e-08 -1.67374878e-08 
-1.76448367e-08 -1.76448367e-08 
-1.80397350e-08 -1.80397350e-08 
-1.83431652e-08 -1.83431652e-08 
-1.87378575e-08 -1.87378575e-08 
-1.89616145e-08 -1.89616145e-08 
-1.93534575e-08 -1.93534575e-08 
-1.96552961e-08 -1.96552961e-08 
-2.00447019e-08 -2.00447019e-08 
-2.11649223e-08 -2.11649223e-08 
-2.15539657e-08 -2.15539657e-08 
-2.18564580e-08 -2.18564580e-08 
-2.22460912e-08 -2.22460912e-08 
-2.24670771e-08 -2.24670771e-08 
-2.28571793e-08 -2.28571793e-08 
-2.31601192e-08 -2.31601192e-08 
-2.35505837e-08 -2.35505837e-08 
-2.44598155e-08 -2.44598155e-08 
-2.48546357e-08 -2.48546357e-08 
-2.51582222e-08 -2.51582222e-08 
-2.55504276e-08 -2.55504276e-08 
-2.57725148e-08 -2.57725148e-08 
-2.61647841e-08 -2.61647841e-08 
-2.64666511e-08 -2.64666511e-08 
-2.68561422e-08 -2.68561422e-08 
-2.18062013e-08 -2.18062013e-08 
-2.21957066e-08 -2.21957066e-08 
-2.24954988e-08 -2.24954988e-08 
-2.28839170e-08 -2.28839170e-08 
-2.31060895e-08 -2.31060895e-08 
-2.34954385e-08 -2.34954385e-08 
-2.37943780e-08 -2.37943780e-08 
-2.41821638e-08 -2.41821638e-08 
-2.50788972e-08 -2.50788972e-08 
-2.54702073e-08 -2.54702073e-08 
-2.57719535e-08 -2.57719535e-08 
-2.61642796e-08 -2.61642796e-08 
-2.63865161e-08 -2.63865161e-08 
-2.67752753e-08 -2.67752753e-08 
-2.70761760e-08 -2.70761760e-08 
-2.74650986e-08 -2.74650986e-08 
-2.85821571e-08 -2.85821571e-08 
-2.89701916e-08 -2.89701916e-08 
-2.92713693e-08 -2.92713693e-08 
-2.96584588e-08 -2.96584588e-08 
-2.98793807e-08 -2.98793807e-08 
-3.02677137e-08 -3.02677137e-08 
-3.05676195e-08 -3.05676195e-08 
-3.09531671e-08 -3.09531671e-08 
-3.18451612e-08 -3.18451612e-08 
-3.22303890e-08 -3.22303890e-08 
-3.25254419e-08 -3.25254419e-08 
-3.29082539e-08 -3.29082539e-08 
-3.31261205e-08 -3.31261205e-08 
-3.35111494e-08 -3.35111494e-08 
-3.38089805e-08 -3.38089805e-08 
-3.41934054e-08 -3.41934054e-08 
-3.60682790e-08 -3.60682790e-08 
-3.64581823e-08 -3.64581823e-08 
-3.67595661e-08 -3.67595661e-08 
-3.71522475e-08 -3.71522475e-08 
-3.73757061e-08 -3.73757061e-08 
-3.77673857e-08 -3.77673857e-08 
-3.80684213e-08 -3.80684213e-08 
-3.84560224e-08 -3.84560224e-08 
-3.93553563e-08 -3.93553563e-08 
-3.97481159e-08 -3.97481159e-08 
-4.00503382e-08 -4.00503382e-08 
-4.04439078e-08 -4.04439078e-08 
-4.06673522e-08 -4.06673522e-08 
-4.10595504e-08 -4.10595504e-08 
-4.13620000e-08 -4.13620000e-08 
-4.17516333e-08 -4.17516333e-08 
-4.28724931e-08 -4.28724931e-08 
-4.32636114e-08 -4.32636114e-08 
-4.35674608e-08 -4.35674608e-08 
-4.39599290e-08 -4.39599290e-08 
-4.41815899e-08 -4.41815899e-08 
-4.45716211e-08 -4.45716211e-08 
-4.48745467e-08 -4.48745467e-08 
-4.52643647e-08 -4.52643647e-08 
-4.61695890e-08 -4.61695890e-08 
-4.65626897e-08 -4.65626897e-08 
-4.68654804e-08 -4.68654804e-08 
-4.72559591e-08 -4.72559591e-08 
-4.74770445e-08 -4.74770445e-08 
-4.78687809e-08 -4.78687809e-08 
-4.81703353e-08 -4.81703353e-08 
-4.85593219e-08 -4.85593219e-08 
