 viout#branch    i(Viout)       
-2.15365503e-11 -2.15365503e-11 
-1.85262650e-09 -1.85262650e-09 
-3.74323861e-09 -3.74323861e-09 
-5.62544500e-09 -5.62544500e-09 
-7.56730145e-09 -7.56730145e-09 
-9.46072731e-09 -9.46072731e-09 
-1.13732526e-08 -1.13732526e-08 
-1.32683198e-08 -1.32683198e-08 
-1.52874691e-08 -1.52874691e-08 
-1.71850019e-08 -1.71850019e-08 
-1.91093861e-08 -1.91093861e-08 
-2.10159641e-08 -2.10159641e-08 
-2.29609896e-08 -2.29609896e-08 
-2.48548844e-08 -2.48548844e-08 
-2.67793183e-08 -2.67793183e-08 
-2.86774693e-08 -2.86774693e-08 
-3.08342578e-08 -3.08342578e-08 
-3.27306680e-08 -3.27306680e-08 
-3.46556348e-08 -3.46556348e-08 
-3.65613460e-08 -3.65613460e-08 
-3.85223800e-08 -3.85223800e-08 
-4.04308409e-08 -4.04308409e-08 
-4.23555662e-08 -4.23555662e-08 
-4.42446080e-08 -4.42446080e-08 
-4.62583643e-08 -4.62583643e-08 
-4.81495448e-08 -4.81495448e-08 
-5.00640667e-08 -5.00640667e-08 
-5.19701189e-08 -5.19701189e-08 
-5.39255751e-08 -5.39255751e-08 
-5.58237261e-08 -5.58237261e-08 
-5.77370187e-08 -5.77370187e-08 
-5.96249308e-08 -5.96249308e-08 
-6.20547098e-08 -6.20547098e-08 
-6.39408171e-08 -6.39408171e-08 
-6.58651373e-08 -6.58651373e-08 
-6.77740317e-08 -6.77740317e-08 
-6.97231144e-08 -6.97231144e-08 
-7.16217841e-08 -7.16217841e-08 
-7.35470138e-08 -7.35470138e-08 
-7.54473035e-08 -7.54473035e-08 
-7.74731106e-08 -7.74731106e-08 
-7.93784167e-08 -7.93784167e-08 
-8.13017991e-08 -8.13017991e-08 
-8.32105442e-08 -8.32105442e-08 
-8.51575166e-08 -8.51575166e-08 
-8.70418759e-08 -8.70418759e-08 
-8.89452707e-08 -8.89452707e-08 
-9.08227591e-08 -9.08227591e-08 
-9.29721722e-08 -9.29721722e-08 
-9.48501153e-08 -9.48501153e-08 
-9.67672662e-08 -9.67672662e-08 
-9.86596547e-08 -9.86596547e-08 
-1.00600452e-07 -1.00600452e-07 
-1.02498561e-07 -1.02498561e-07 
-1.04421474e-07 -1.04421474e-07 
-1.06311560e-07 -1.06311560e-07 
-1.08333211e-07 -1.08333211e-07 
-1.10227631e-07 -1.10227631e-07 
-1.12137627e-07 -1.12137627e-07 
-1.14030499e-07 -1.14030499e-07 
-1.15967985e-07 -1.15967985e-07 
-1.17852458e-07 -1.17852458e-07 
-1.19752357e-07 -1.19752357e-07 
-1.21624964e-07 -1.21624964e-07 
-1.24608732e-07 -1.24608732e-07 
-1.26482917e-07 -1.26482917e-07 
-1.28392422e-07 -1.28392422e-07 
-1.30287390e-07 -1.30287390e-07 
-1.32244494e-07 -1.32244494e-07 
-1.34149410e-07 -1.34149410e-07 
-1.36069296e-07 -1.36069296e-07 
-1.37962097e-07 -1.37962097e-07 
-1.39967391e-07 -1.39967391e-07 
-1.41856560e-07 -1.41856560e-07 
-1.43774400e-07 -1.43774400e-07 
-1.45679849e-07 -1.45679849e-07 
-1.47626899e-07 -1.47626899e-07 
-1.49517994e-07 -1.49517994e-07 
-1.51436176e-07 -1.51436176e-07 
-1.53330653e-07 -1.53330653e-07 
-1.55485445e-07 -1.55485445e-07 
-1.57377762e-07 -1.57377762e-07 
-1.59306602e-07 -1.59306602e-07 
-1.61203154e-07 -1.61203154e-07 
-1.63155335e-07 -1.63155335e-07 
-1.65059554e-07 -1.65059554e-07 
-1.66980669e-07 -1.66980669e-07 
-1.68865299e-07 -1.68865299e-07 
-1.70876028e-07 -1.70876028e-07 
-1.72759052e-07 -1.72759052e-07 
-1.74652818e-07 -1.74652818e-07 
-1.76532794e-07 -1.76532794e-07 
-1.78463480e-07 -1.78463480e-07 
-1.80340116e-07 -1.80340116e-07 
-1.82227801e-07 -1.82227801e-07 
-1.84087909e-07 -1.84087909e-07 
-1.86523536e-07 -1.86523536e-07 
-1.88391589e-07 -1.88391589e-07 
-1.90290848e-07 -1.90290848e-07 
-1.92185425e-07 -1.92185425e-07 
-1.94129903e-07 -1.94129903e-07 
-1.96019975e-07 -1.96019975e-07 
-1.97924621e-07 -1.97924621e-07 
-1.99799580e-07 -1.99799580e-07 
-2.01810643e-07 -2.01810643e-07 
-2.03702584e-07 -2.03702584e-07 
-2.05616402e-07 -2.05616402e-07 
-2.07519967e-07 -2.07519967e-07 
-2.09467132e-07 -2.09467132e-07 
-2.11355250e-07 -2.11355250e-07 
-2.13258481e-07 -2.13258481e-07 
-2.15136865e-07 -2.15136865e-07 
-2.17302038e-07 -2.17302038e-07 
-2.19186653e-07 -2.19186653e-07 
-2.21104749e-07 -2.21104749e-07 
-2.23000541e-07 -2.23000541e-07 
-2.24931732e-07 -2.24931732e-07 
-2.26818074e-07 -2.26818074e-07 
-2.28727515e-07 -2.28727515e-07 
-2.30604932e-07 -2.30604932e-07 
-2.32608123e-07 -2.32608123e-07 
-2.34490415e-07 -2.34490415e-07 
-2.36390164e-07 -2.36390164e-07 
-2.38268839e-07 -2.38268839e-07 
-2.40197942e-07 -2.40197942e-07 
-2.42070868e-07 -2.42070868e-07 
-2.43955341e-07 -2.43955341e-07 
-2.45811279e-07 -2.45811279e-07 
