 viout#branch    i(Viout)       
-2.12687645e-11 -2.12687645e-11 
-6.03454362e-08 -6.03454362e-08 
-1.29053964e-07 -1.29053964e-07 
-1.87532327e-07 -1.87532327e-07 
-2.74971060e-07 -2.74971060e-07 
-3.33562468e-07 -3.33562468e-07 
-4.04833156e-07 -4.04833156e-07 
-4.67276712e-07 -4.67276712e-07 
-5.92955324e-07 -5.92955324e-07 
-6.52065945e-07 -6.52065945e-07 
-7.25310396e-07 -7.25310396e-07 
-7.89047751e-07 -7.89047751e-07 
-8.80940264e-07 -8.80940264e-07 
-9.44564302e-07 -9.44564302e-07 
-1.02026240e-06 -1.02026240e-06 
-1.08657246e-06 -1.08657246e-06 
-1.29095475e-06 -1.29095475e-06 
-1.35040895e-06 -1.35040895e-06 
-1.42412496e-06 -1.42412496e-06 
-1.48805758e-06 -1.48805758e-06 
-1.58248522e-06 -1.58248522e-06 
-1.64658459e-06 -1.64658459e-06 
-1.72349427e-06 -1.72349427e-06 
-1.79061785e-06 -1.79061785e-06 
-1.91926966e-06 -1.91926966e-06 
-1.98260304e-06 -1.98260304e-06 
-2.06002439e-06 -2.06002439e-06 
-2.12731444e-06 -2.12731444e-06 
-2.22213334e-06 -2.22213334e-06 
-2.28857710e-06 -2.28857710e-06 
-2.36655270e-06 -2.36655270e-06 
-2.43485813e-06 -2.43485813e-06 
-2.79874293e-06 -2.79874293e-06 
-2.85743612e-06 -2.85743612e-06 
-2.92953554e-06 -2.92953554e-06 
-2.99198539e-06 -2.99198539e-06 
-3.08472947e-06 -3.08472947e-06 
-3.14723909e-06 -3.14723909e-06 
-3.22286639e-06 -3.22286639e-06 
-3.28900548e-06 -3.28900548e-06 
-3.41900886e-06 -3.41900886e-06 
-3.48128494e-06 -3.48128494e-06 
-3.55773545e-06 -3.55773545e-06 
-3.62415782e-06 -3.62415782e-06 
-3.71864101e-06 -3.71864101e-06 
-3.78435375e-06 -3.78435375e-06 
-3.86186905e-06 -3.86186905e-06 
-3.92968525e-06 -3.92968525e-06 
-4.12710488e-06 -4.12710488e-06 
-4.18802514e-06 -4.18802514e-06 
-4.26362161e-06 -4.26362161e-06 
-4.32890857e-06 -4.32890857e-06 
-4.42417372e-06 -4.42417372e-06 
-4.48922824e-06 -4.48922824e-06 
-4.56686213e-06 -4.56686213e-06 
-4.63462892e-06 -4.63462892e-06 
-4.76119719e-06 -4.76119719e-06 
-4.82501843e-06 -4.82501843e-06 
-4.90248805e-06 -4.90248805e-06 
-4.96980972e-06 -4.96980972e-06 
-5.06353997e-06 -5.06353997e-06 
-5.12971409e-06 -5.12971409e-06 
-5.20693458e-06 -5.20693458e-06 
-5.27454636e-06 -5.27454636e-06 
-5.95682402e-06 -5.95682402e-06 
-6.01351471e-06 -6.01351471e-06 
-6.08168370e-06 -6.08168370e-06 
-6.14050134e-06 -6.14050134e-06 
-6.22874174e-06 -6.22874174e-06 
-6.28797737e-06 -6.28797737e-06 
-6.35967435e-06 -6.35967435e-06 
-6.42226443e-06 -6.42226443e-06 
-6.54662976e-06 -6.54662976e-06 
-6.60563251e-06 -6.60563251e-06 
-6.67840629e-06 -6.67840629e-06 
-6.74170955e-06 -6.74170955e-06 
-6.83257100e-06 -6.83257100e-06 
-6.89542459e-06 -6.89542459e-06 
-6.97013856e-06 -6.97013856e-06 
-7.03548167e-06 -7.03548167e-06 
-7.23189524e-06 -7.23189524e-06 
-7.29047144e-06 -7.29047144e-06 
-7.36309866e-06 -7.36309866e-06 
-7.42594373e-06 -7.42594373e-06 
-7.51826868e-06 -7.51826868e-06 
-7.58101445e-06 -7.58101445e-06 
-7.65622069e-06 -7.65622069e-06 
-7.72180038e-06 -7.72180038e-06 
-7.84606008e-06 -7.84606008e-06 
-7.90792841e-06 -7.90792841e-06 
-7.98319432e-06 -7.98319432e-06 
-8.04862971e-06 -8.04862971e-06 
-8.14040192e-06 -8.14040192e-06 
-8.20493307e-06 -8.20493307e-06 
-8.28045804e-06 -8.28045804e-06 
-8.34658206e-06 -8.34658206e-06 
-8.67838551e-06 -8.67838551e-06 
-8.73574727e-06 -8.73574727e-06 
-8.80642947e-06 -8.80642947e-06 
-8.86781809e-06 -8.86781809e-06 
-8.95885832e-06 -8.95885832e-06 
-9.02024626e-06 -9.02024626e-06 
-9.09414066e-06 -9.09414066e-06 
-9.15864984e-06 -9.15864984e-06 
-9.28429610e-06 -9.28429610e-06 
-9.34527644e-06 -9.34527644e-06 
-9.41989533e-06 -9.41989533e-06 
-9.48465483e-06 -9.48465483e-06 
-9.57648477e-06 -9.57648477e-06 
-9.64062283e-06 -9.64062283e-06 
-9.71591272e-06 -9.71591272e-06 
-9.78196701e-06 -9.78196701e-06 
-9.96858479e-06 -9.96858479e-06 
-1.00281862e-05 -1.00281862e-05 
-1.01019346e-05 -1.01019346e-05 
-1.01655210e-05 -1.01655210e-05 
-1.02577846e-05 -1.02577846e-05 
-1.03212065e-05 -1.03212065e-05 
-1.03963926e-05 -1.03963926e-05 
-1.04621269e-05 -1.04621269e-05 
-1.05833855e-05 -1.05833855e-05 
-1.06453076e-05 -1.06453076e-05 
-1.07204297e-05 -1.07204297e-05 
-1.07854935e-05 -1.07854935e-05 
-1.08760339e-05 -1.08760339e-05 
-1.09399784e-05 -1.09399784e-05 
-1.10146544e-05 -1.10146544e-05 
-1.10799772e-05 -1.10799772e-05 
