 viout#branch    i(Viout)       
-2.12683204e-11 -2.12683204e-11 
-6.03449650e-08 -6.03449650e-08 
-1.29053843e-07 -1.29053843e-07 
-1.87529468e-07 -1.87529468e-07 
-2.74969489e-07 -2.74969489e-07 
-3.33557574e-07 -3.33557574e-07 
-4.04833091e-07 -4.04833091e-07 
-4.67265833e-07 -4.67265833e-07 
-5.92955156e-07 -5.92955156e-07 
-6.52071270e-07 -6.52071270e-07 
-7.25309826e-07 -7.25309826e-07 
-7.89057547e-07 -7.89057547e-07 
-8.80954856e-07 -8.80954856e-07 
-9.44559134e-07 -9.44559134e-07 
-1.02023829e-06 -1.02023829e-06 
-1.08658144e-06 -1.08658144e-06 
-1.29093965e-06 -1.29093965e-06 
-1.35040665e-06 -1.35040665e-06 
-1.42412280e-06 -1.42412280e-06 
-1.48807767e-06 -1.48807767e-06 
-1.58247535e-06 -1.58247535e-06 
-1.64656576e-06 -1.64656576e-06 
-1.72350461e-06 -1.72350461e-06 
-1.79061332e-06 -1.79061332e-06 
-1.91924408e-06 -1.91924408e-06 
-1.98263615e-06 -1.98263615e-06 
-2.06003202e-06 -2.06003202e-06 
-2.12729507e-06 -2.12729507e-06 
-2.22209582e-06 -2.22209582e-06 
-2.28856369e-06 -2.28856369e-06 
-2.36654565e-06 -2.36654565e-06 
-2.43477162e-06 -2.43477162e-06 
-2.79877250e-06 -2.79877250e-06 
-2.85745030e-06 -2.85745030e-06 
-2.92951919e-06 -2.92951919e-06 
-2.99194308e-06 -2.99194308e-06 
-3.08474571e-06 -3.08474571e-06 
-3.14719866e-06 -3.14719866e-06 
-3.22288037e-06 -3.22288037e-06 
-3.28896300e-06 -3.28896300e-06 
-3.41903880e-06 -3.41903880e-06 
-3.48124021e-06 -3.48124021e-06 
-3.55774778e-06 -3.55774778e-06 
-3.62410872e-06 -3.62410872e-06 
-3.71865730e-06 -3.71865730e-06 
-3.78431150e-06 -3.78431150e-06 
-3.86184762e-06 -3.86184762e-06 
-3.92966739e-06 -3.92966739e-06 
-4.12707635e-06 -4.12707635e-06 
-4.18803007e-06 -4.18803007e-06 
-4.26363908e-06 -4.26363908e-06 
-4.32891779e-06 -4.32891779e-06 
-4.42414570e-06 -4.42414570e-06 
-4.48918466e-06 -4.48918466e-06 
-4.56683420e-06 -4.56683420e-06 
-4.63460651e-06 -4.63460651e-06 
-4.76113628e-06 -4.76113628e-06 
-4.82503693e-06 -4.82503693e-06 
-4.90254134e-06 -4.90254134e-06 
-4.96970755e-06 -4.96970755e-06 
-5.06353407e-06 -5.06353407e-06 
-5.12965537e-06 -5.12965537e-06 
-5.20695598e-06 -5.20695598e-06 
-5.27456586e-06 -5.27456586e-06 
-5.95683179e-06 -5.95683179e-06 
-6.01347046e-06 -6.01347046e-06 
-6.08165850e-06 -6.08165850e-06 
-6.14049348e-06 -6.14049348e-06 
-6.22863699e-06 -6.22863699e-06 
-6.28800906e-06 -6.28800906e-06 
-6.35959517e-06 -6.35959517e-06 
-6.42222728e-06 -6.42222728e-06 
-6.54659312e-06 -6.54659312e-06 
-6.60558571e-06 -6.60558571e-06 
-6.67838896e-06 -6.67838896e-06 
-6.74163964e-06 -6.74163964e-06 
-6.83255530e-06 -6.83255530e-06 
-6.89543784e-06 -6.89543784e-06 
-6.97017955e-06 -6.97017955e-06 
-7.03545601e-06 -7.03545601e-06 
-7.23180485e-06 -7.23180485e-06 
-7.29045559e-06 -7.29045559e-06 
-7.36308937e-06 -7.36308937e-06 
-7.42601727e-06 -7.42601727e-06 
-7.51824552e-06 -7.51824552e-06 
-7.58099332e-06 -7.58099332e-06 
-7.65631541e-06 -7.65631541e-06 
-7.72180418e-06 -7.72180418e-06 
-7.84606550e-06 -7.84606550e-06 
-7.90790907e-06 -7.90790907e-06 
-7.98316896e-06 -7.98316896e-06 
-8.04852697e-06 -8.04852697e-06 
-8.14033554e-06 -8.14033554e-06 
-8.20494604e-06 -8.20494604e-06 
-8.28037870e-06 -8.28037870e-06 
-8.34666694e-06 -8.34666694e-06 
-8.67832298e-06 -8.67832298e-06 
-8.73568981e-06 -8.73568981e-06 
-8.80640928e-06 -8.80640928e-06 
-8.86794785e-06 -8.86794785e-06 
-8.95884539e-06 -8.95884539e-06 
-9.02021936e-06 -9.02021936e-06 
-9.09421755e-06 -9.09421755e-06 
-9.15860599e-06 -9.15860599e-06 
-9.28420976e-06 -9.28420976e-06 
-9.34521345e-06 -9.34521345e-06 
-9.41984348e-06 -9.41984348e-06 
-9.48461788e-06 -9.48461788e-06 
-9.57646598e-06 -9.57646598e-06 
-9.64051541e-06 -9.64051541e-06 
-9.71583163e-06 -9.71583163e-06 
-9.78188534e-06 -9.78188534e-06 
-9.96861533e-06 -9.96861533e-06 
-1.00280200e-05 -1.00280200e-05 
-1.01019373e-05 -1.01019373e-05 
-1.01655725e-05 -1.01655725e-05 
-1.02578305e-05 -1.02578305e-05 
-1.03210221e-05 -1.03210221e-05 
-1.03962904e-05 -1.03962904e-05 
-1.04620851e-05 -1.04620851e-05 
-1.05833311e-05 -1.05833311e-05 
-1.06452396e-05 -1.06452396e-05 
-1.07201923e-05 -1.07201923e-05 
-1.07853628e-05 -1.07853628e-05 
-1.08759706e-05 -1.08759706e-05 
-1.09398734e-05 -1.09398734e-05 
-1.10145138e-05 -1.10145138e-05 
-1.10799376e-05 -1.10799376e-05 
