 viout#branch    i(Viout)       
-2.08530970e-11 -2.08530970e-11 
-2.05567288e-07 -2.05567288e-07 
-4.44906425e-07 -4.44906425e-07 
-6.52963129e-07 -6.52963129e-07 
-9.69467445e-07 -9.69467445e-07 
-1.19272850e-06 -1.19272850e-06 
-1.42192021e-06 -1.42192021e-06 
-1.62033878e-06 -1.62033878e-06 
-2.10136194e-06 -2.10136194e-06 
-2.33033144e-06 -2.33033144e-06 
-2.57665687e-06 -2.57665687e-06 
-2.78486862e-06 -2.78486862e-06 
-3.05928908e-06 -3.05928908e-06 
-3.26914631e-06 -3.26914631e-06 
-3.47336901e-06 -3.47336901e-06 
-3.65021111e-06 -3.65021111e-06 
-4.46980914e-06 -4.46980914e-06 
-4.69391188e-06 -4.69391188e-06 
-4.94394194e-06 -4.94394194e-06 
-5.15420747e-06 -5.15420747e-06 
-5.44907201e-06 -5.44907201e-06 
-5.66207872e-06 -5.66207872e-06 
-5.87425252e-06 -5.87425252e-06 
-6.05781952e-06 -6.05781952e-06 
-6.43398037e-06 -6.43398037e-06 
-6.64252504e-06 -6.64252504e-06 
-6.86134842e-06 -6.86134842e-06 
-7.04704964e-06 -7.04704964e-06 
-7.27625075e-06 -7.27625075e-06 
-7.46004579e-06 -7.46004579e-06 
-7.63391708e-06 -7.63391708e-06 
-7.78277385e-06 -7.78277385e-06 
-9.29211876e-06 -9.29211876e-06 
-9.50419883e-06 -9.50419883e-06 
-9.74795155e-06 -9.74795155e-06 
-9.95372121e-06 -9.95372121e-06 
-1.02518053e-05 -1.02518053e-05 
-1.04625701e-05 -1.04625701e-05 
-1.06749617e-05 -1.06749617e-05 
-1.08582644e-05 -1.08582644e-05 
-1.12682406e-05 -1.12682406e-05 
-1.14763096e-05 -1.14763096e-05 
-1.16973956e-05 -1.16973956e-05 
-1.18847378e-05 -1.18847378e-05 
-1.21239777e-05 -1.21239777e-05 
-1.23115887e-05 -1.23115887e-05 
-1.24918965e-05 -1.24918965e-05 
-1.26473961e-05 -1.26473961e-05 
-1.32472265e-05 -1.32472265e-05 
-1.34474377e-05 -1.34474377e-05 
-1.36674739e-05 -1.36674739e-05 
-1.38529384e-05 -1.38529384e-05 
-1.41063591e-05 -1.41063591e-05 
-1.42935363e-05 -1.42935363e-05 
-1.44780722e-05 -1.44780722e-05 
-1.46377727e-05 -1.46377727e-05 
-1.49377777e-05 -1.49377777e-05 
-1.51187443e-05 -1.51187443e-05 
-1.53062233e-05 -1.53062233e-05 
-1.54651490e-05 -1.54651490e-05 
-1.56546659e-05 -1.56546659e-05 
-1.58089773e-05 -1.58089773e-05 
-1.59518710e-05 -1.59518710e-05 
-1.60725421e-05 -1.60725421e-05 
-1.89798597e-05 -1.89798597e-05 
-1.91765834e-05 -1.91765834e-05 
-1.94074203e-05 -1.94074203e-05 
-1.96038080e-05 -1.96038080e-05 
-1.98940511e-05 -1.98940511e-05 
-2.00977894e-05 -2.00977894e-05 
-2.03045440e-05 -2.03045440e-05 
-2.04829764e-05 -2.04829764e-05 
-2.08991515e-05 -2.08991515e-05 
-2.11027878e-05 -2.11027878e-05 
-2.13205558e-05 -2.13205558e-05 
-2.15048431e-05 -2.15048431e-05 
-2.17441996e-05 -2.17441996e-05 
-2.19295608e-05 -2.19295608e-05 
-2.21088735e-05 -2.21088735e-05 
-2.22639575e-05 -2.22639575e-05 
-2.29257027e-05 -2.29257027e-05 
-2.31233305e-05 -2.31233305e-05 
-2.33422784e-05 -2.33422784e-05 
-2.35268495e-05 -2.35268495e-05 
-2.37825857e-05 -2.37825857e-05 
-2.39695726e-05 -2.39695726e-05 
-2.41550264e-05 -2.41550264e-05 
-2.43156879e-05 -2.43156879e-05 
-2.46315014e-05 -2.46315014e-05 
-2.48142758e-05 -2.48142758e-05 
-2.50051707e-05 -2.50051707e-05 
-2.51672349e-05 -2.51672349e-05 
-2.53640332e-05 -2.53640332e-05 
-2.55232428e-05 -2.55232428e-05 
-2.56724413e-05 -2.56724413e-05 
-2.57995201e-05 -2.57995201e-05 
-2.68664721e-05 -2.68664721e-05 
-2.70540943e-05 -2.70540943e-05 
-2.72671437e-05 -2.72671437e-05 
-2.74469166e-05 -2.74469166e-05 
-2.77041754e-05 -2.77041754e-05 
-2.78877711e-05 -2.78877711e-05 
-2.80721044e-05 -2.80721044e-05 
-2.82315028e-05 -2.82315028e-05 
-2.85753305e-05 -2.85753305e-05 
-2.87562514e-05 -2.87562514e-05 
-2.89474934e-05 -2.89474934e-05 
-2.91096903e-05 -2.91096903e-05 
-2.93138545e-05 -2.93138545e-05 
-2.94755416e-05 -2.94755416e-05 
-2.96300035e-05 -2.96300035e-05 
-2.97627408e-05 -2.97627408e-05 
-3.02254352e-05 -3.02254352e-05 
-3.03977990e-05 -3.03977990e-05 
-3.05857666e-05 -3.05857666e-05 
-3.07441068e-05 -3.07441068e-05 
-3.09576209e-05 -3.09576209e-05 
-3.11166011e-05 -3.11166011e-05 
-3.12722487e-05 -3.12722487e-05 
-3.14066772e-05 -3.14066772e-05 
-3.16483837e-05 -3.16483837e-05 
-3.17994358e-05 -3.17994358e-05 
-3.19543898e-05 -3.19543898e-05 
-3.20850867e-05 -3.20850867e-05 
-3.22377984e-05 -3.22377984e-05 
-3.23623809e-05 -3.23623809e-05 
-3.24762520e-05 -3.24762520e-05 
-3.25714774e-05 -3.25714774e-05 
